p =

   -0.5280   -0.1362


p =

   -0.2245   -0.9311    0.8696


p =

   -0.0590   -0.3721   -0.4595    1.2697


p =

  Columns 1 through 4

    0.0383    0.0865   -0.7483   -1.4656

  Column 5

    1.8039


p =

  Columns 1 through 4

    0.0031    0.0516    0.0457   -0.8833

  Columns 5 through 6

   -1.3356    1.9286


p =

  Columns 1 through 4

   -0.0023   -0.0079    0.0855    0.1906

  Columns 5 through 7

   -1.0119   -1.6817    1.9963


p =

  Columns 1 through 4

    0.0002   -0.0013   -0.0103    0.0677

  Columns 5 through 8

    0.1988   -0.9339   -1.6935    1.9524

>> 
